       1       1       1    3.33    4.33
       1       1       2    4.64    5.08
       1       1       3    3.14    4.75
       1       1       4    2.36    4.47
       1       2       1    3.50    4.99
       1       2       2    4.69    5.36
       1       2       3    4.08    5.25
       1       2       4    3.69    4.94
       1       3       1    4.77    4.77
       1       3       2    4.75    5.50
       1       3       3    4.58    4.94
       1       3       4    4.42    5.11
       2       1       1    2.86    4.86
       2       1       2    4.14    5.08
       2       1       3    3.61    4.92
       2       1       4    3.25    4.94
       2       2       1    4.20    5.03
       2       2       2    5.14    5.14
       2       2       3    4.58    5.14
       2       2       4    4.17    5.16
       2       3       1    5.97    4.47
       2       3       2    5.00    5.67
       2       3       3    4.11    5.03
       2       3       4    4.94    4.92
       3       1       1    2.32    4.19
       3       1       2    3.82    4.86
       3       1       3    3.83    4.40
       3       1       4    2.47    4.26
       3       2       1    3.99    4.30
       3       2       2    4.22    4.93
       3       2       3    3.44    4.65
       3       2       4    3.69    4.47
       3       3       1    5.05    4.61
       3       3       2    4.44    5.38
       3       3       3    3.65    4.66
       3       3       4    4.05    4.36
       4       1       1    2.86    4.18
       4       1       2    4.22    4.87
       4       1       3    3.55    4.55
       4       1       4    2.18    4.10
       4       2       1    3.42    3.92
       4       2       2    4.28    4.96
       4       2       3    4.32    5.01
       4       2       4    2.93    4.22
       4       3       1    4.55    4.22
       4       3       2    4.19    5.14
       4       3       3    3.35    4.62
       4       3       4    3.11    4.19
